46
0 1
1
0 0 640 360
1 1
1
0 0 640 360
2 1
1
0 0 640 360
3 1
1
0 0 640 360
58 77
1
0 238 28 112
1
0 224 67 129
1
0 218 103 142
1
0 211 136 149
1
0 207 167 153
2
53 347 13 5
0 204 194 156
1
0 199 219 150
3
8 358 6 2
29 233 1 1
0 197 243 163
4
32 320 13 14
18 280 13 32
27 224 22 26
33 193 231 148
4
68 311 6 7
57 271 4 4
81 221 6 7
72 192 212 138
1
104 188 199 133
3
137 240 7 10
123 237 1 1
137 186 181 124
2
165 239 7 5
165 184 169 117
1
192 182 157 113
1
214 180 152 111
1
237 178 142 105
2
247 227 4 2
260 176 132 94
1
277 174 127 89
1
294 172 120 94
1
312 172 113 89
1
323 169 113 86
1
338 168 107 83
1
351 167 103 80
1
365 165 98 79
1
378 164 93 76
1
389 162 90 74
1
399 162 87 78
1
409 161 85 73
1
418 160 83 71
1
428 160 80 67
1
438 160 76 65
1
446 158 74 64
1
454 158 72 63
1
457 156 75 66
1
460 154 78 65
1
469 155 75 60
1
475 154 74 62
2
481 187 7 10
490 155 64 58
1
498 154 61 57
1
504 152 60 56
1
508 152 60 54
1
516 152 57 52
1
522 150 55 53
1
527 150 54 51
1
532 150 54 50
1
536 148 54 50
1
541 147 53 50
1
546 148 51 46
2
546 183 2 4
543 147 58 47
1
547 147 57 44
1
552 147 56 41
1
554 146 56 45
1
560 148 54 40
1
564 146 53 41
1
568 144 52 42
1
572 144 51 40
1
576 144 50 39
1
582 144 47 36
1
588 144 43 36
1
589 143 45 36
1
591 143 45 34
1
594 143 45 35
1
598 143 42 35
1
599 143 41 40
1
603 142 37 41
1
609 143 31 37
1
609 142 31 35
1
614 141 26 34
1
615 142 25 33
1
618 142 22 32
1
621 141 19 34
1
623 140 17 33
1
626 140 14 34
1
627 140 13 32
1
628 141 12 30
1
631 140 9 29
1
633 141 7 27
99 1
1
571 264 2 5
100 1
1
575 263 5 7
101 2
1
578 264 5 6
1
579 260 9 10
103 1
1
586 259 3 8
103 79
1
0 74 11 58
1
0 32 48 134
2
0 26 86 147
35 166 1 1
2
0 12 120 159
81 153 1 1
4
30 28 8 5
10 27 16 4
0 25 3 5
0 16 152 152
2
27 28 8 5
0 25 181 141
4
0 150 7 6
56 32 8 5
0 31 206 132
33 31 16 5
2
32 147 6 2
0 32 230 129
6
17 148 5 6
7 132 1 1
24 126 5 8
0 64 4 9
7 58 1 1
44 36 209 122
3
49 140 4 6
57 68 21 64
81 42 191 114
2
91 70 22 68
116 46 178 107
3
115 132 5 11
122 72 22 69
150 48 162 107
2
153 74 20 64
169 50 159 104
2
227 145 1 1
179 52 165 100
2
193 121 4 5
204 55 155 95
3
244 142 5 7
226 72 23 66
247 56 125 92
1
247 58 137 90
3
271 65 8 9
266 59 132 87
350 149 1 1
3
297 152 8 5
275 62 134 93
321 154 7 3
2
347 152 1 1
293 63 125 94
2
347 150 9 5
310 64 122 90
3
359 149 1 1
334 76 1 1
328 65 111 89
2
393 145 3 4
342 67 106 86
1
356 67 100 79
1
370 69 95 76
1
381 69 92 74
1
394 74 87 71
1
402 74 86 69
1
414 75 82 68
2
447 139 1 1
423 76 79 65
1
434 78 76 64
1
440 78 77 64
1
446 78 77 64
2
451 115 1 1
454 79 75 62
1
457 80 78 60
2
460 106 9 9
471 80 70 58
1
468 80 78 58
1
474 81 78 56
1
480 81 77 56
2
489 106 1 1
496 82 66 54
1
505 82 62 54
1
510 82 61 54
1
515 82 60 54
1
524 83 56 51
1
526 82 58 52
1
531 84 56 49
1
535 84 56 47
1
539 84 56 47
1
532 84 67 48
1
539 83 63 50
1
541 83 65 50
1
552 85 56 47
1
557 85 55 45
1
561 85 54 44
1
566 84 52 45
1
570 84 51 43
1
574 85 50 42
1
578 87 48 39
1
582 86 47 39
1
585 86 46 38
1
588 87 46 36
1
591 87 46 36
1
594 87 45 36
1
599 87 41 41
1
600 88 40 38
1
602 87 38 40
1
606 84 34 41
1
610 88 30 37
1
611 88 29 38
1
614 91 26 34
1
616 91 24 32
1
621 92 19 31
1
621 92 19 32
1
624 91 16 33
1
626 92 14 32
1
627 92 13 31
1
628 92 12 32
1
632 93 8 30
1
634 94 6 30
107 6
1
599 245 5 14
1
601 246 8 12
1
603 245 9 13
1
608 244 7 16
1
610 244 8 16
1
613 243 8 12
113 2
1
618 244 6 8
1
621 245 5 7
119 70
1
0 220 28 121
1
0 214 70 135
2
6 325 5 10
0 209 112 138
1
0 203 147 152
2
82 211 1 1
0 201 179 159
5
58 335 1 1
116 319 7 2
113 208 1 1
0 195 208 165
157 306 1 1
5
115 196 21 13
136 203 1 1
88 201 24 9
0 192 236 161
164 309 1 1
7
16 338 25 10
0 335 7 8
112 321 1 1
0 213 18 10
171 193 1 1
0 189 262 151
206 293 1 1
6
44 323 29 10
31 304 10 15
24 268 7 30
25 258 4 2
50 210 13 4
43 188 240 141
3
68 273 9 29
84 206 12 7
82 186 220 127
2
232 187 5 5
120 181 202 122
2
154 217 17 65
172 178 168 115
1
184 176 172 109
2
212 207 15 62
231 174 138 106
2
237 200 16 64
256 172 130 99
2
260 197 15 62
280 170 120 95
2
282 194 15 61
301 170 109 86
2
300 191 13 58
321 168 101 87
2
320 188 14 57
338 167 94 85
2
337 185 13 55
354 164 88 82
2
353 183 13 54
370 163 82 79
2
367 180 14 54
382 162 80 78
2
381 178 14 51
392 161 80 75
2
390 176 18 50
409 160 70 72
2
404 175 16 48
418 161 70 67
2
416 175 15 44
430 160 68 66
2
427 171 15 46
435 160 72 63
1
437 157 76 63
1
447 156 75 62
1
454 153 73 61
2
458 194 1 1
462 154 72 56
2
464 162 25 44
491 154 51 55
1
468 152 78 60
1
477 150 75 60
1
485 150 73 57
3
502 200 1 1
492 171 7 23
501 150 62 53
1
497 148 73 54
2
505 180 5 12
518 148 56 51
1
522 147 57 50
2
516 175 8 17
527 146 55 49
2
522 174 7 16
533 145 54 48
2
528 176 6 12
539 144 52 48
2
534 173 6 13
545 144 50 48
2
544 185 1 1
548 144 51 45
1
550 144 55 44
1
554 144 54 42
2
566 183 1 1
559 143 51 41
1
565 143 49 40
1
569 145 47 37
1
572 142 48 38
1
576 141 47 38
1
582 141 42 37
1
584 143 44 34
1
589 139 41 37
1
592 140 41 34
1
596 139 41 34
1
601 139 39 34
1
605 136 35 34
1
607 136 33 36
1
610 138 30 32
1
614 138 26 31
1
614 136 26 34
1
617 137 23 35
1
620 136 20 34
1
623 136 17 34
1
626 136 14 31
1
628 137 12 30
1
631 137 9 29
1
634 137 6 27
1
638 140 2 23
135 1
1
639 142 1 26
136 1
1
639 144 1 16
182 1
1
639 94 1 28
183 1
1
639 96 1 23
189 1
1
639 146 1 7
195 66
1
0 63 16 93
1
0 38 64 123
1
0 40 106 124
1
0 36 144 124
1
0 36 176 120
1
0 40 207 112
1
0 45 238 112
2
19 73 3 4
36 47 226 104
3
78 66 11 30
96 52 5 3
78 50 208 100
1
117 52 191 97
1
152 57 174 90
1
182 58 164 88
1
211 60 151 84
1
237 64 139 80
1
262 66 130 77
1
283 65 125 77
1
295 67 122 78
1
315 69 117 84
1
334 70 107 72
1
351 73 99 68
1
364 75 99 63
1
380 75 91 62
1
395 77 86 60
1
407 78 83 59
1
419 79 79 64
1
420 79 86 56
1
424 80 88 54
3
439 116 8 9
454 109 13 25
450 80 68 51
3
449 121 1 1
444 106 11 14
462 80 65 53
2
453 107 6 3
470 84 64 48
2
461 102 6 12
479 82 61 49
2
471 110 4 10
487 82 60 48
1
496 84 57 47
1
501 84 57 47
1
506 84 55 47
1
513 85 57 45
1
519 85 55 45
1
526 85 54 45
1
531 86 53 43
1
537 86 53 42
1
542 86 51 42
1
548 87 52 41
1
553 87 51 40
1
558 87 50 40
1
562 89 50 38
1
565 92 51 36
1
565 90 55 35
1
571 89 53 42
1
580 89 45 40
1
580 90 48 38
1
585 90 47 37
1
591 90 44 36
1
596 90 44 35
1
598 90 42 36
1
601 92 38 33
1
606 90 34 36
1
610 92 30 35
1
615 94 25 31
1
618 95 22 29
1
622 96 18 26
1
621 94 19 29
1
624 94 16 29
1
628 94 12 29
1
631 95 9 28
1
633 96 7 27
1
634 96 6 26
199 1
1
83 167 3 4
201 1
1
0 100 1 1
261 1
1
639 99 1 18
289 72
1
0 54 31 121
2
0 92 1 18
0 32 72 150
1
0 32 111 144
1
0 32 145 146
2
0 38 176 140
6 32 34 7
3
0 40 207 139
60 37 22 6
0 32 41 7
5
45 50 1 1
98 40 25 11
52 36 29 10
0 32 232 147
225 81 6 19
3
108 64 4 2
97 40 19 10
0 34 256 143
4
0 163 12 10
10 53 1 1
0 39 278 133
260 89 1 1
4
49 166 7 6
32 138 1 1
31 127 2 8
42 43 261 126
3
70 124 5 10
180 49 16 10
82 46 238 121
1
118 48 222 115
5
141 131 13 31
133 85 13 29
143 70 5 7
152 65 1 1
150 50 206 113
6
300 161 15 5
179 151 1 1
175 135 2 7
172 128 1 1
171 79 5 16
177 53 194 106
7
291 163 25 6
221 163 1 1
195 121 5 7
195 101 3 9
195 79 7 16
207 72 1 1
206 55 178 104
3
305 164 11 5
220 107 1 1
230 57 169 100
3
308 163 7 3
271 164 6 4
253 61 158 93
1
274 60 148 94
1
294 63 140 90
1
309 65 136 86
2
414 76 9 2
329 68 125 83
1
346 67 117 82
1
360 68 112 80
1
373 69 105 77
1
384 70 104 75
1
396 72 100 72
1
406 74 97 68
1
416 75 95 70
1
430 74 88 69
2
456 143 1 1
438 76 87 65
1
446 76 86 66
1
444 77 93 64
3
448 108 12 17
459 103 1 1
462 79 81 61
3
453 103 10 14
465 99 3 5
470 80 79 60
2
467 103 2 4
479 79 76 62
1
488 79 73 64
1
496 81 71 61
1
502 80 70 59
1
508 82 69 56
1
514 81 68 56
1
520 82 66 54
1
523 82 68 53
1
515 83 80 54
2
520 100 9 15
530 81 67 55
3
528 101 7 16
536 97 1 1
538 84 66 51
2
535 109 5 4
543 84 65 50
1
547 84 64 49
1
553 84 63 50
1
558 84 60 47
1
564 85 58 46
1
568 85 58 46
1
572 85 56 45
1
575 85 56 44
2
626 109 1 1
580 87 54 39
1
583 88 57 39
1
587 86 53 43
1
590 86 50 42
1
594 88 46 39
1
597 87 43 40
1
602 86 38 41
1
605 88 35 39
1
608 90 32 36
1
611 91 29 35
1
614 91 26 34
1
617 92 23 34
1
620 92 20 33
1
623 92 17 34
1
625 92 15 33
1
628 92 12 34
1
630 93 10 32
1
632 94 8 31
1
634 95 6 29
290 1
1
14 187 7 2
291 1
1
37 190 1 1
292 1
1
36 194 7 3
293 1
1
26 197 5 4
293 1
1
39 195 6 4
294 1
1
27 195 1 1
294 1
1
46 194 3 5
297 1
1
25 181 4 5
301 1
1
297 166 5 1
302 1
1
200 168 6 1
302 1
1
273 165 6 4
302 1
1
317 162 1 1
303 1
1
271 166 7 5
304 1
1
272 167 4 4
305 1
1
353 155 11 6
307 1
1
387 154 1 1
342 1
1
639 91 1 1
361 1
1
639 98 1 24
368 1
1
539 0 1 1
369 1
1
541 0 1 1
370 1
1
539 0 5 1
371 1
1
541 0 1 1
372 1
1
539 0 1 1
